2.00e-01 3.00e-01 	240.339 2.577    19.227   
3.00e-01 4.00e-01 	142.149 1.384    11.371   
4.00e-01 5.00e-01 	84.2471 0.823    6.739   
5.00e-01 6.00e-01 	52.517 0.557    4.201   
6.00e-01 7.00e-01 	32.669 0.385    2.613   
7.00e-01 8.00e-01 	20.134 0.2673    1.611   
8.00e-01 9.00e-01 	13.043 0.196    1.043   
9.00e-01 1.00e+00 	8.382 0.144    0.670   
1.00e+00 1.20e+00 	4.664 0.0524    0.373   
1.20e+00 1.40e+00 	2.027 0.0315    0.162   
1.40e+00 1.60e+00 	0.8877 0.02039    0.07102   
1.60e+00 1.80e+00 	0.4393 0.01616    0.03514   
1.80e+00 2.00e+00 	0.2119 0.01410    0.01695   
2.00e+00 2.50e+00 	0.05157 0.00389    0.004126   
2.50e+00 3.00e+00 	0.01175 9.54e-05    0.001069   
3.00e+00 3.50e+00 	0.002567 1.45e-05    0.0002439   
3.50e+00 4.00e+00 	0.0005904 1.16e-05    5.9e-05   
4.00e+00 4.50e+00 	0.00015216 4.83e-06    1.58e-05   
4.50e+00 5.00e+00 	5.15e-05 2.39e-06     5.67e-06   
5.00e+00 6.00e+00 	1.01e-05 7.63e-07    1.1e-06   
6.00e+00 7.00e+00 	1.69e-06 2.15e-07    1.97e-07   
7.00e+00 8.00e+00 	2.72e-07 9.57e-08    3.41e-08   
8.00e+00 1.00e+01 	3.9e-08 2.9e-08    4.9e-09 
 2.00e-01 3.00e-01 	167.053 2.122    13.364   
 3.00e-01 4.00e-01 	100.299 1.155    8.023   
 4.00e-01 5.00e-01 	58.202 0.6781    4.656   
 5.00e-01 6.00e-01 	36.268 0.456    2.901   
 6.00e-01 7.00e-01 	22.134 0.3103    1.7707   
 7.00e-01 8.00e-01 	13.844 0.2171    1.1075   
 8.00e-01 9.00e-01 	8.8679 0.1566    0.7094   
 9.00e-01 1.00e+00 	5.674 0.1158    0.4539   
 1.00e+00 1.20e+00 	3.186 0.04303    0.2549   
 1.20e+00 1.40e+00 	1.370 0.0256    0.1096   
 1.40e+00 1.60e+00 	0.6616 0.01679    0.0529   
 1.60e+00 1.80e+00 	0.2987 0.01437    0.0239   
 1.80e+00 2.00e+00 	0.1269 0.01031    0.0101   
 2.00e+00 2.50e+00 	0.04436 0.00337    0.003549   
 2.50e+00 3.00e+00 	0.00865 6.66e-05    0.000787   
 3.00e+00 3.50e+00 	0.0019379 0.0001588    0.0001841   
 3.50e+00 4.00e+00 	0.00044027 1.969e-05    4.4e-05   
 4.00e+00 4.50e+00 	0.00012059 6.7e-6    1.25e-05   
 4.50e+00 5.00e+00 	3.52e-05 3.5e-06    3.87e-06   
 5.00e+00 6.00e+00 	8.96e-06 9.5e-07    9.8e-07   
 6.00e+00 7.00e+00 	1.53e-06 5.4e-07    1.78e-07   
 7.00e+00 8.00e+00 	2.444e-07 1.165e-07    3.05e-08
 2.00e-01 3.00e-01 	97.68 1.08     7.81   
 3.00e-01 4.00e-01 	58.58 0.59    4.68   
 4.00e-01 5.00e-01 	33.07 0.33    2.64   
 5.00e-01 6.00e-01 	20.23 0.22    1.618   
 6.00e-01 7.00e-01 	12.44 0.155    0.995   
 7.00e-01 8.00e-01 	7.756 0.109    0.620   
 8.00e-01 9.00e-01 	4.865 0.079    0.389   
 9.00e-01 1.00e+00 	3.176 0.059    0.254   
 1.00e+00 1.20e+00 	1.772 0.021    0.141   
 1.20e+00 1.40e+00 	0.756 0.0129    0.0605   
 1.40e+00 1.60e+00 	0.362 0.0085    0.0289   
 1.60e+00 1.80e+00 	0.164 0.0064    0.013   
 1.80e+00 2.00e+00 	0.074 0.0053    0.0059   
 2.00e+00 2.50e+00 	0.025 0.0016    0.002   
 2.50e+00 3.00e+00 	0.0053 3.55e-05    0.00048   
 3.00e+00 3.50e+00 	0.0012 2.47e-05    0.0001   
 3.50e+00 4.00e+00 	0.000297 1.17e-05    2.97e-05   
 4.00e+00 4.50e+00 	8.02e-05 2.99e-06    8.34e-06   
 4.50e+00 5.00e+00 	2.62e-05 1.44e-06    2.88e-06   
 5.00e+00 6.00e+00 	5.33e-06 3.50e-07    5.86e-07   
 6.00e+00 7.00e+00 	9.15e-07 1.12e-07    1.07e-07   
 7.00e+00 8.00e+00 	1.94e-07 6.49e-08    2.42e-08   
 8.00e+00 1.00e+01 	1.93e-08 1.75e-08    2.47e-09   
 2.00e-01 3.00e-01 	26.29 0.38    2.1   
 3.00e-01 4.00e-01 	15.65 0.21    1.25   
 4.00e-01 5.00e-01 	8.39 0.12    0.67   
 5.00e-01 6.00e-01 	5.01 0.076    0.4   
 6.00e-01 7.00e-01 	3.05 0.053    0.24   
 7.00e-01 8.00e-01 	1.88 0.036    0.15   
 8.00e-01 9.00e-01 	1.178 0.027    0.094   
 9.00e-01 1.00e+00 	0.718 0.0188    0.057   
 1.00e+00 1.20e+00 	0.41 0.0072    0.033   
 1.20e+00 1.40e+00 	0.176 0.0043    0.014   
 1.40e+00 1.60e+00 	0.0817 0.003    0.0065   
 1.60e+00 1.80e+00 	0.039 0.0021    0.0031   
 1.80e+00 2.00e+00 	0.021 0.0015    0.00166   
 2.00e+00 2.50e+00 	0.0068 0.0006    0.00055   
 2.50e+00 3.00e+00 	0.0013 1.57e-05    0.0001   
 3.00e+00 3.50e+00 	0.00031 6.4e-06    2.9e-05   
 3.50e+00 4.00e+00 	7.8e-05 2.6e-06    7.8e-06   
 4.00e+00 4.50e+00 	2.12e-05 1.84e-06    2.2e-06   
 4.50e+00 5.00e+00 	6.9e-06 5.08e-07    7.6e-07   
 5.00e+00 6.00e+00 	1.49e-06 1.39e-07    1.64e-07   
 6.00e+00 7.00e+00 	2.6e-07 5.6e-08    3.06e-08   
 7.00e+00 8.00e+00 	4.01e-08 1.97e-08    5.01e-09   
 8.00e+00 1.00e+01 	6.08e-09 3.04e-09    7.78e-10   
