2.00e-01 3.00e-01 	230.4 2.3    18.4   
3.00e-01 4.00e-01 	136.8 1.2    10.9   
4.00e-01 5.00e-01 	83.14 0.76    6.65   
5.00e-01 6.00e-01 	52.13 0.52    4.17   
6.00e-01 7.00e-01 	32.37 0.36    2.59   
7.00e-01 8.00e-01 	20.16 0.26    1.6   
8.00e-01 9.00e-01 	12.89 0.19    1.03   
9.00e-01 1.00e+00 	8.14 0.14    0.65   
1.00e+00 1.20e+00 	4.55 0.051    0.36   
1.20e+00 1.40e+00 	2.01 0.031    0.161   
1.40e+00 1.60e+00 	0.915 0.021    0.07   
1.60e+00 1.80e+00 	0.396 0.0157    0.032   
1.80e+00 2.00e+00 	0.191 0.0131    0.015   
2.00e+00 2.50e+00 	0.06 0.004   0.0048   
2.50e+00 3.00e+00 	0.0125 0.0001    0.001   
3.00e+00 3.50e+00 	0.0026 3.46e-05    0.00024   
3.50e+00 4.00e+00 	0.00058 1.54e-05    5.8e-05   
4.00e+00 4.50e+00 	0.00015216 4.83e-06    1.58e-05   
4.50e+00 5.00e+00 	5.07e-05 2.6e-06    5.6e-06   
5.00e+00 6.00e+00 	9.8e-06 8.5e-07    1.08e-06   
6.00e+00 7.00e+00 	1.72e-06 2.77e-07    2.02e-07   
7.00e+00 8.00e+00 	3.22e-07 1.45e-07    4.02e-08   
8.00e+00 1.00e+01 	3.99e-08 1.44e-08    5.11e-09   
 2.00e-01 3.00e-01 	161.45 1.86    12.92   
 3.00e-01 4.00e-01 	95.96 0.99    7.67   
 4.00e-01 5.00e-01 	56.9 0.612    4.55   
 5.00e-01 6.00e-01 	35.62 0.42    2.85   
 6.00e-01 7.00e-01 	22.0  0.29    1.76   
 7.00e-01 8.00e-01 	13.6 0.21    1.089   
 8.00e-01 9.00e-01 	8.71 0.15    0.7   
 9.00e-01 1.00e+00 	5.71 0.11    0.46   
 1.00e+00 1.20e+00 	3.2 0.042    0.26   
 1.20e+00 1.40e+00 	1.4 0.026    0.112   
 1.40e+00 1.60e+00 	0.644 0.0164    0.052   
 1.60e+00 1.80e+00 	0.308 0.015    0.0247   
 1.80e+00 2.00e+00 	0.1253 0.01    0.01   
 2.00e+00 2.50e+00 	0.0433 0.0034    0.0035   
 2.50e+00 3.00e+00 	0.0091 7.35e-05    0.00083   
 3.00e+00 3.50e+00 	0.0019 0.00018    0.00018   
 3.50e+00 4.00e+00 	0.00043 2.22e-05    4.3e-05   
 4.00e+00 4.50e+00 	0.000125 8.16e-06    1.30e-05   
 4.50e+00 5.00e+00 	3.73e-05 2.77e-06    4.1e-06   
 5.00e+00 6.00e+00 	8.46e-06 1.21e-06    9.3e-07   
 6.00e+00 7.00e+00 	1.43e-06 3.1e-07    1.67e-07   
 7.00e+00 8.00e+00 	2.15e-07 9.74e-08    2.69e-08   
 2.00e-01 3.00e-01 	94.01 0.94    7.52   
 3.00e-01 4.00e-01 	55.85 0.51    4.47   
 4.00e-01 5.00e-01 	32.53 0.31    2.6   
 5.00e-01 6.00e-01 	20.10 0.214    1.61   
 6.00e-01 7.00e-01 	12.37 0.15    0.99   
 7.00e-01 8.00e-01 	7.63 0.104    0.61   
 8.00e-01 9.00e-01 	4.76 0.076    0.381   
 9.00e-01 1.00e+00 	3.15 0.057    0.252   
 1.00e+00 1.20e+00 	1.72 0.021    0.138   
 1.20e+00 1.40e+00 	0.755 0.0129    0.0604   
 1.40e+00 1.60e+00 	0.336 0.00866    0.0269   
 1.60e+00 1.80e+00 	0.167 0.00582    0.013   
 1.80e+00 2.00e+00 	0.079 0.0055    0.0063   
 2.00e+00 2.50e+00 	0.027 0.0018    0.0022   
 2.50e+00 3.00e+00 	0.0055 3.8e-05    0.0005   
 3.00e+00 3.50e+00 	0.00119 2.92e-05    0.00011   
 3.50e+00 4.00e+00 	0.000292 1.32e-05    2.92e-05   
 4.00e+00 4.50e+00 	7.91e-05 4.059e-06    8.22e-06   
 4.50e+00 5.00e+00 	2.54e-05 1.68e-06    2.8e-06   
 5.00e+00 6.00e+00 	5.27e-06 4.23e-07    5.8e-07   
 6.00e+00 7.00e+00 	9.1e-07 1.22e-07    1.06e-07   
 7.00e+00 8.00e+00 	1.62e-07 6.05e-08    2.02e-08   
 8.00e+00 1.00e+01 	1.94e-08 1.63e-08    2.48e-09   
 2.00e-01 3.00e-01 	25.18 0.33    2.01   
 3.00e-01 4.00e-01 	14.35 0.17    1.15   
 4.00e-01 5.00e-01 	8.30 0.11    0.66   
 5.00e-01 6.00e-01 	4.92 0.071    0.4   
 6.00e-01 7.00e-01 	2.99 0.05    0.24   
 7.00e-01 8.00e-01 	1.84 0.035    0.147   
 8.00e-01 9.00e-01 	1.14 0.026    0.092   
 9.00e-01 1.00e+00 	0.72 0.0184    0.057   
 1.00e+00 1.20e+00 	0.393 0.007    0.031   
 1.20e+00 1.40e+00 	0.175 0.0043    0.014   
 1.40e+00 1.60e+00 	0.081 0.0029    0.0065   
 1.60e+00 1.80e+00 	0.037 0.0019    0.003   
 1.80e+00 2.00e+00 	0.021 0.0018    0.00166   
 2.00e+00 2.50e+00 	0.0062 0.0006    0.00050   
 2.50e+00 3.00e+00 	0.0013 1.70e-05    0.00012   
 3.00e+00 3.50e+00 	0.000308 7.4e-06    2.92e-05   
 3.50e+00 4.00e+00 	7.3e-05 3.0e-06    7.3e-06   
 4.00e+00 4.50e+00 	2.04e-05 2.07e-06    2.1e-06   
 4.50e+00 5.00e+00 	6.78e-06 7.85e-07    7.46e-07   
 5.00e+00 6.00e+00 	1.52e-06 1.58e-07    1.67e-07   
 6.00e+00 7.00e+00 	2.4e-07 5.89e-08    2.83e-08   
 7.00e+00 8.00e+00 	5.43e-08 9.65e-09    6.78e-09   
 8.00e+00 1.00e+01 	6.03e-09 4.31e-09    7.72e-10   
