0.3	0.0210	0.0000	0.0011	0.0304	0.0001	0.0015	0.0298	0.0001	0.0015
0.5	0.0393	0.0000	0.0020	0.0576	0.0001	0.0029	0.0571	0.0002	0.0029
0.7	0.0558	0.0001	0.0028	0.0824	0.0001	0.0041	0.0839	0.0002	0.0042
0.9	0.0706	0.0001	0.0035	0.1047	0.0001	0.0052	0.1074	0.0003	0.0054
1.1	0.0846	0.0001	0.0042	0.1251	0.0002	0.0063	0.1286	0.0005	0.0064
1.3	0.0975	0.0001	0.0049	0.1436	0.0002	0.0072	0.1469	0.0006	0.0073
1.5	0.1099	0.0002	0.0055	0.1604	0.0003	0.0080	0.1639	0.0008	0.0082
1.7	0.1205	0.0002	0.0060	0.1751	0.0004	0.0088	0.1749	0.0011	0.0087
1.9	0.1302	0.0003	0.0065	0.1868	0.0005	0.0093	0.1885	0.0015	0.0094
2.1	0.1371	0.0004	0.0069	0.1969	0.0007	0.0098	0.1994	0.0020	0.0100
2.3	0.1444	0.0006	0.0072	0.2032	0.0009	0.0102	0.1999	0.0027	0.0100
2.5	0.1487	0.0008	0.0074	0.2099	0.0013	0.0105	0.2116	0.0037	0.0106
2.7	0.1524	0.0011	0.0076	0.2182	0.0017	0.0109	0.2119	0.0050	0.0106
3.0	0.1592	0.0011	0.0080	0.2168	0.0018	0.0108	0.2163	0.0052	0.0108
0.3	0.0207	0.0001	0.0010	0.0299	0.0001	0.0015	0.0289	0.0003	0.0014
0.5	0.0383	0.0001	0.0019	0.0559	0.0001	0.0028	0.0558	0.0004	0.0028
0.7	0.0538	0.0001	0.0027	0.0794	0.0002	0.0040	0.0803	0.0005	0.0040
0.9	0.0683	0.0002	0.0034	0.1012	0.0002	0.0051	0.1042	0.0007	0.0052
1.1	0.0818	0.0002	0.0041	0.1214	0.0003	0.0061	0.1232	0.0009	0.0062
1.3	0.0949	0.0003	0.0047	0.1399	0.0004	0.0070	0.1399	0.0013	0.0070
1.5	0.1069	0.0004	0.0053	0.1565	0.0006	0.0078	0.1566	0.0017	0.0078
1.7	0.1178	0.0005	0.0059	0.1705	0.0008	0.0085	0.1697	0.0024	0.0085
1.9	0.1289	0.0007	0.0064	0.1822	0.0011	0.0091	0.1795	0.0032	0.0090
2.1	0.1359	0.0009	0.0068	0.1929	0.0014	0.0096	0.1928	0.0044	0.0096
2.3	0.1411	0.0012	0.0071	0.2032	0.0019	0.0102	0.2001	0.0061	0.0100
2.5	0.1454	0.0017	0.0073	0.2068	0.0028	0.0103	0.2100	0.0087	0.0105
2.7	0.1562	0.0023	0.0078	0.2214	0.0038	0.0111	0.2075	0.0119	0.0104
3.0	0.1555	0.0025	0.0078	0.2202	0.0041	0.0110	0.2243	0.0131	0.0112
7.34e-01   3.27e-02   8.00e-04   2.38e-03
1.23e+00   5.17e-02   1.52e-03   3.69e-03
1.72e+00   6.73e-02   3.39e-03   4.87e-03
2.22e+00   7.43e-02   7.48e-03   5.32e-03
2.72e+00   1.04e-01   1.57e-02   1.06e-02
3.53e+00   8.80e-02   2.65e-02   1.06e-02
7.34e-01   5.85e-02   6.46e-04   4.11e-03
1.23e+00   9.19e-02   1.23e-03   7.16e-03
1.72e+00   1.21e-01   2.76e-03   8.57e-03
2.22e+00   1.53e-01   6.04e-03   1.19e-02
2.72e+00   1.44e-01   1.24e-02   1.03e-02
3.54e+00   1.45e-01   2.06e-02   1.02e-02
7.34e-01   7.95e-02   7.97e-04   5.68e-03
1.23e+00   1.23e-01   1.53e-03   8.82e-03
1.72e+00   1.66e-01   3.47e-03   1.25e-02
2.22e+00   1.92e-01   7.57e-03   1.40e-02
2.72e+00   2.15e-01   1.54e-02   1.67e-02
3.54e+00   1.80e-01   2.53e-02   1.27e-02
7.33e-01   9.17e-02   1.14e-03   6.49e-03
1.23e+00   1.40e-01   2.23e-03   1.03e-02
1.72e+00   1.77e-01   5.09e-03   1.25e-02
2.22e+00   1.92e-01   1.11e-02   1.62e-02
2.72e+00   2.08e-01   2.25e-02   1.56e-02
3.55e+00   2.52e-01   3.62e-02   3.41e-02
7.33e-01   9.92e-02   2.03e-03   7.29e-03
1.23e+00   1.56e-01   4.07e-03   1.31e-02
1.72e+00   1.85e-01   9.51e-03   1.37e-02
2.22e+00   2.06e-01   2.08e-02   1.58e-02
2.72e+00   1.89e-01   4.17e-02   1.81e-02
3.39e+00   2.17e-02   6.97e-02   6.10e-02
