pt v2 error
0-10%
1.25   0.0523   0.0031
1.75   0.0617   0.0019
2.25   0.0697   0.0018
2.75   0.0777   0.0022
3.25   0.0746   0.0029
3.75   0.0695   0.0034
4.25   0.0612   0.0042
4.75   0.0615   0.0054
5.50   0.0610   0.0057
6.50   0.0391   0.0088
7.50   0.0526   0.0126
8.50   0.0467   0.0184
9.50   0.0419   0.0261
11.00   0.0055   0.0283
13.00   0.0615   0.0512
15.00   0.1435   0.1019
17.00   0.1409   0.1372 
1.25   0.0996   0.0020
1.75   0.1208   0.0012
2.25   0.1320   0.0012
2.75   0.1386   0.0014
3.25   0.1373   0.0019
3.75   0.1221   0.0022
4.25   0.1174   0.0030
4.75   0.1071   0.0040
5.50   0.0949   0.0041
6.50   0.0855   0.0066
7.50   0.0887   0.0100
8.50   0.0783   0.0148
9.50   0.0991   0.0211
11.00   0.0648   0.0236
13.00   0.1224   0.0440
15.00   0.1507   0.0753
17.00   -0.1153   0.1492
1.25   0.1346   0.0018
1.75   0.1572   0.0011
2.25   0.1704   0.0011
2.75   0.1750   0.0014
3.25   0.1726   0.0018
3.75   0.1646   0.0023
4.25   0.1493   0.0031
4.75   0.1333   0.0041
5.50   0.1242   0.0039
6.50   0.1081   0.0066
7.50   0.1043   0.0103
8.50   0.0796   0.0156
9.50   0.0741   0.0222
11.00   0.0577   0.0249
13.00   0.0294   0.0455
15.00   0.0161   0.0801
17.00   0.1917   0.1424
1.25   0.1534   0.0019
1.75   0.1788   0.0010
2.25   0.1898   0.0011
2.75   0.1920   0.0014
3.25   0.1823   0.0019
3.75   0.1791   0.0024
4.25   0.1640   0.0032
4.75   0.1584   0.0044
5.50   0.1406   0.0044
6.50   0.1252   0.0076
7.50   0.1224   0.0122
8.50   0.1090   0.0183
9.50   0.1163   0.0278
11.00   0.1112   0.0299
13.00   0.1214   0.0560
15.00   0.1556   0.1043
17.00   0.1111   0.1940
1.25   0.1676   0.0022
1.75   0.1862   0.0012
2.25   0.1935   0.0013
2.75   0.1989   0.0017
3.25   0.1989   0.0022
3.75   0.1750   0.0028
4.25   0.1736   0.0039
4.75   0.1671   0.0054
5.50   0.1473   0.0058
6.50   0.1253   0.0102
7.50   0.1200   0.0166
8.50   0.1098   0.0256
9.50   0.1383   0.0389
11.00   0.1269   0.0426
13.00   0.0540   0.0879
15.00   0.0532   0.1456
17.00   -0.0181   0.2846
1.25   0.1650   0.0030
1.75   0.1841   0.0016
2.25   0.1894   0.0017
2.75   0.1888   0.0022
3.25   0.1825   0.0031
3.75   0.1763   0.0042
4.25   0.1838   0.0061
4.75   0.1747   0.0085
5.50   0.1734   0.0092
6.50   0.1771   0.0161
7.50   0.1153   0.0271
8.50   0.1617   0.0419
9.50   0.1986   0.0601
11.00   0.1398   0.0700
13.00   0.2379   0.1227
15.00   0.0800   0.2248
17.00   0.2870   0.4645
