18153057
18153053
18153055
18153054
18153060
18153058
18153036
18153064
18154004
18154007
18153038
18153039
18153052
18154009
18153061
18153044
18154006
18153037
18153041
18153059
18154041
18153063
18154037
18154040
18154042
18154005
18154039
18154049
18154008
18153045
18154045
18154038
18154050
18154051
18153043
18154058
18154044
18153040
18154043
18154052
18153035
18154055
18153042
18153046
18154053
18154054
18154057
18154059
18154061
18154066
18155005
18155014
18154060
18155004
18155006
18154065
18155002
18155003
18155007
18154064
18155016
18154063
18155012
18155022
18155017
18155013
18155025
18155023
18155015
18155024
18155031
18155032
18155026
18155034
18155033
18155035
18155029
18155040
18155036
18155042
18155038
18155039
18155041
18155046
18155045
18155048
18155049
18156002
18156003
18156001
18156004
18156010
18156011
18156012
18156013
18156014
18156018
18156019
18156027
18156023
18156020
18156022
18156021
18156024
18156026
18156028
18156031
18156035
18156046
18156029
18156032
18156034
18156048
18156047
18156049
18156051
18156053
18156050
18156056
18156058
18156057
18156052
18156060
18156059
18157002
18157003
18157001
18157004
18157010
18157019
18157012
18157016
18157011
18157013
18157014
18157017
18157025
18157024
18157027
18157035
18157029
18157026
18157032
18157053
18157058
18157059
18157028
18157057
18157056
18157060
18157065
18157067
18157031
18157071
18157072
18157070
18157074
18157061
18157068
18157069
18157077
18157075
18157076
18158002
18158001
18158003
18158012
18158013
18158010
18158009
18158014
18158020
18158021
18158115
18158116
18158118
18158120
18158122
18159001
18159007
18159002
18159008
18159009
18159010
18159011
18159012
18159018
18159024
18159013
18159019
18159023
18159025
18159031
18160015
18160006
18160013
18160014
18160017
18160030
18160036
18160037
18160012
18160024
18160028
18160032
18160023
18160025
18160034
18161015
18160035
18161002
18160029
18160033
18161007
18161014
18160026
18161003
18161011
18161013
18161006
18160007
18161040
18161029
18160016
18161030
18161037
18161005
18161010
18161041
18161028
18161001
18161045
18161008
18161009
18161039
18161038
18160005
18161032
18161031
18161033
18161016
18161046
18161049
18161047
18161048
18159043
18159034
18159032
18159033
18161042
18161027
18159036
18159041
18159042
18160041
18160002
18160042
18160038
18160044
18160046
18160004
18160045
18160040
18160003
18161019
18161017
18161018
18161021
18161026
18161020
18172007
18162009
18162007
18162004
18162006
18162008
18162005
18162001
18162002
18162011
18162019
18162015
18162028
18162024
18162018
18162012
18162016
18162017
18162010
18162014
18162029
18162020
18162027
18162030
18162031
18162036
18162039
18162032
18162037
18162038
18162047
18162045
18162041
18162043
18162049
18162040
18162046
18162048
18162051
18162053
18162052
18163002
18163003
18163008
18163007
18163009
18163004
18163005
18163006
18163012
18163013
18163014
18163016
18163015
18163017
18163019
18163018
18163030
18163032
18163025
18163027
18163026
18163031
18163028
18163038
18163045
18163033
18163041
18163039
18163040
18163046
18163047
18164002
18164003
18164004
18164005
18164006
18164007
18164008
18164013
18164011
18164009
18164012
18165013
18165033
18165006
18165011
18165003
18165014
18165001
18165002
18165010
18165012
18165036
18165031
18165037
18165034
18165035
18165038
18165004
18165016
18164016
18165032
18165009
18165039
18164015
18164017
18164014
18164025
18164024
18164030
18164023
18164026
18164018
18164029
18164028
18164037
18164027
18164036
18164045
18164042
18164046
18164035
18164041
18164039
18164044
18164038
18164040
18166004
18166003
18166005
18166006
18166007
18166008
18166009
18166010
18166012
18166042
18166044
18166047
18166043
18166048
18166049
18166045
18166046
18166050
18166052
18166054
18166055
18166020
18166019
18166017
18166051
18166013
18166022
18166024
18166031
18166023
18166035
18166036
18166033
18166034
18166037
18166032
18167009
18167007
18167008
18167005
18167006
18167001
18167012
18167027
18167015
18167010
18167016
18167017
18167020
18167014
18167011
18167018
18167030
18167032
18167035
18167028
18167029
18167033
18167036
18167037
18167038
18167039
18167041
18167042
18167043
18168005
18168002
18168003
18168006
18168009
18168008
18168004
18168010
18168011
18168016
18168019
18168013
18168017
18168015
18167044
18168025
18168023
18168024
18168029
18168026
18168020
18168022
18168027
18168021
18167046
18167047
18167048
18167050
18167049
18167045
18168036
18168037
18168035
18168044
18168034
18168040
18168042
18168041
18168048
18168045
18168049
18168046
18168050
18168051
18168054
18168053
18168052
18169008
18168056
18169004
18169005
18168055
18169022
18169009
18169011
18169020
18169006
18169023
18169010
18169024
18169025
18169013
18169027
18169021
18169026
18169028
18169012
18169029
18169014
18169037
18169035
18169030
18169036
18169038
18169039
18169015
18169018
18169043
18169042
18169016
18169017
18169041
18170010
18170011
18170006
18170013
18170003
18170004
18170005
18170016
18170017
18170015
18170012
18170018
18170014
18170020
18170021
18170033
18170034
18170032
18170035
18170036
18170037
18170039
18170022
18171002
18170040
18171003
18171005
18171008
18171009
18171004
18171006
18171007
18171016
18171012
18171013
18171018
18171019
18171020
18171032
18171040
18171037
18171015
18171017
18171031
18171036
18171038
18171033
18171034
18171035
18171041
18171042
18171043
18171046
18171045
18171047
18171044
18171048
18172006
18172001
18171049
18172005
18172009
18172011
18172013
18172008
18172012
18172002
18172014
18172010
