12112034
12112035
12112036
12112041
12112042
12112044
12112045
12112046
12112049
12112050
12112051
12112052
12112059
12112060
12112072
12112073
12112074
12112076
12112077
12112078
12112089
12112099
12112100
12112101
12112102
12112121
12112123
12112124
12112129
12113004
12113005
12113006
12113007
12113008
12113010
12113017
12113020
12113021
12113022
12113024
12113025
12113028
12113029
12113030
12113031
12113033
12113042
12113044
12113045
12113059
12113060
12113062
12113063
12113064
12113069
12113070
12113071
12113072
12113076
12113077
12113078
12113079
12113080
12113081
12113082
12113083
12113084
12113085
12113086
12113087
12113088
12113090
12113091
12113094
12113098
12113099
12113100
12114001
12114002
12114006
12114007
12114009
12114010
12114011
12114015
12114016
12114017
12114018
12114022
12114023
12114024
12114025
12114027
12114028
12114029
12114030
12114031
12114032
12114033
12114035
12114037
12114038
12114042
12114043
12114044
12114048
12114049
12114053
12114054
12114055
12114056
12114057
12114058
12114059
12114060
12114061
12114062
12114063
12114067
12114068
12114077
12114078
12114079
12114080
12114083
12114084
12114085
12114086
12114087
12114088
12114089
12114090
12114091
12114092
12114093
12114094
12114095
12114097
12114098
12114099
12114100
12114101
12114102
12114103
12114104
12114109
12114110
12114111
12114112
12114113
12114114
12114115
12114116
12114117
12114118
12114119
12114120
12114121
12115001
12115002
12115003
12115004
12115005
12115006
12115007
12115008
12115009
12115010
12115011
12115014
12115015
12115016
12115018
12115019
12115020
12115022
12115023
12115024
12115025
12115026
12115027
12115031
12115032
12115033
12115034
12115035
12115040
12115041
12115042
12115043
12115044
12115045
12115046
12115047
12115048
12115056
12115057
12115058
12115059
12115062
12115063
12115064
12115068
12115069
12115070
12115071
12115073
12115092
12115093
12115094
12115095
12115096
12115097
12115099
12115100
12115102
12116005
12116007
12116009
12116010
12116011
12116012
12116013
12116014
12116015
12116016
12116017
12116052
12116053
12116054
12116055
12116056
12116063
12116064
12116065
12116066
12116067
12116072
12116073
12116074
12116075
12116080
12116081
12116082
12116083
12116084
12117009
12117010
12117011
12117012
12117013
12117014
12117015
12117016
12117017
12117018
12117019
12117020
12117021
12117023
12117024
12117025
12117039
12117045
12117046
12117047
12117050
12117051
12117052
12117053
12117054
12117055
12117056
12117057
12117058
12117059
12117062
12117064
12117065
12117066
12117067
12117068
12117069
12117070
12117071
12118001
12118002
12118003
12118004
12118005
12118006
12118007
12118008
12118010
12118012
12118013
12118015
12118016
12118017
12118018
12118019
12118020
12118021
12118022
12118023
12118025
12118026
12118027
12118028
12118029
12118030
12118031
12118033
12118034
12118035
12118036
12118037
12118038
12118041
12118042
12118043
12118045
12119001
12119002
12119003
12119005
12119006
12119007
12119008
12119009
12119011
12119015
12119016
12119017
12119019
12119020
12119021
12119022
12119023
12119024
12119025
12119027
12119028
12119029
12119030
12119032
12119035
12119036
12119039
12119040
12119042
12119049
12119051
12119052
12119053
12119054
12119055
12119056
12119060
12119061
12119062
12119063
12119064
12120002
12120003
12120004
12120005
12120006
12120007
12120008
12120009
12120011
12120015
12120016
12120017
12120018
12120019
12120020
12120025
12120026
12120027
12120028
12120029
12120030
12120031
12120032
12120033
12120034
12120035
12120036
12120037
12120041
12120042
12120043
12120044
12120052
12120054
12120055
12120056
12120057
12120058
12120059
12120062
12120063
12120064
12120065
12120067
12120070
12120072
12120073
12120077
12120078
12120079
12120080
12120087
12120088
12120089
12121001
12121004
12121006
12121008
12121009
12121011
12121013
12121015
12121016
12121017
12121018
12121019
12121020
12121021
12121022
12121023
12121024
12121025
12121026
12121027
12121028
12121029
12121030
12121031
12121033
12121034
12121035
12121036
12121037
12121038
12121039
12121042
12121043
12121044
12121045
12121046
12121047
12121048
12121049
12121050
12121054
12121056
12121057
12121058
12121060
12121062
12121063
12121064
12121065
12121066
12121067
12122001
12122002
12122003
12122004
12122005
12122006
12122007
12122008
12122009
12122010
12122012
12122016
12122017
12122018
12122019
