12172013
12172024
12172025
12172027
12172028
12172029
12172030
12172031
12172033
12172035
12172039
12172040
12172041
12172042
12172043
12172044
12172045
12172046
12172048
12172049
12172050
12172051
12172055
12172056
12172057
12172058
12173001
12173006
12173007
12173008
12173009
12173014
12173015
12173016
12173017
12173018
12173023
12173024
12173025
12173026
12173030
12173031
12173032
12173033
12173034
12173035
12173044
12173045
12173046
12173047
12173064
12173065
12173071
12173078
12173079
12173080
12173085
12173086
12173087
12174005
12174006
12174007
12174013
12174014
12174015
12174021
12174022
12174023
12174024
12174030
12174031
12174032
12174037
12174038
12174039
12174044
12174045
12174047
12174048
12174054
12174056
12174057
12174064
12174065
12174066
12174067
12174074
12174075
12174076
12174077
12174082
12174083
12174084
12174085
12174086
12174096
12174097
12174106
12174107
12174108
12174109
12174115
12174116
12174117
12175004
12175005
12175007
12175008
12175013
12175014
12175015
12175017
12175021
12175022
12175023
12175024
12175028
12175029
12175030
12175031
12175032
12175037
12175038
12175039
12175040
12175044
12175045
12175046
12175047
12175051
12175052
12175053
12175054
12175059
12175061
12175062
12175087
12175088
12175089
12175094
12175095
12175096
12175097
12175105
12175106
12175107
12175113
12175114
12175115
12175116
12175121
12175122
12175123
12176001
12176002
12176007
12176008
12176009
12176010
12176011
12176017
12176018
12176019
12176020
12176025
12176026
12176027
12176028
12176029
12176030
12176034
12176035
12176036
12176037
12176041
12176042
12176043
12176044
12176045
12176046
12176047
12176052
12176053
12176054
12176055
12176056
12176057
12176058
12176066
12176067
12176069
12176071
12176076
12176077
12176078
12176083
12176084
12176085
12176092
12176093
12176094
12176095
12176100
12176101
12176102
12176103
12176104
12176109
12176110
12176111
12176112
12176117
12176118
12176119
12176120
12176121
12176127
12176128
12176129
12176130
12176135
12176136
12176137
12176138
12177003
12177004
12177005
12177006
12177011
12177012
12177013
12177014
12177015
12177019
12177020
12177021
12177022
12177027
12177028
12177029
12177030
12177035
12177036
12177037
12177038
12177042
12177044
12177045
12177046
12177050
12177051
12177052
12177053
12177058
12177059
12177060
12177061
12177062
12177066
12177067
12177068
12177069
12177076
12177077
12177078
12177079
12177083
12177084
12177085
12177086
12177091
12177092
12177098
12177099
12177101
12177105
12177106
12177107
12177108
12177113
12177114
12177115
12177116
12177122
12177123
12177124
12177125
12177126
12178002
12178003
12178004
12178005
12178006
12178010
12178011
12178012
12178013
12178018
12178019
12178020
12178021
12178026
12178027
12178028
12178029
12178034
12178035
12178036
12178038
12178047
12178049
12178050
12178051
12178059
12178060
12178061
12178062
12178063
12178070
12178071
12178072
12178073
12178074
12178075
12178077
12178082
12178083
12178084
12178085
12178090
12178091
12178093
12178094
12178099
12178100
12178101
12178102
12178103
12178108
12178109
12178110
12178119
12178120
12178121
12178122
12178123
12179002
12179004
12179005
12179009
12179010
12179011
12179012
12179020
12179021
12179022
12179023
12179028
12179029
12179030
12179031
12179036
12179037
12179038
12179039
12179043
12179044
12179045
12179052
12179053
12179054
12179059
12179060
12179061
12179062
12179063
12179068
12179093
12179094
12179095
12179096
12179097
