11099002
11099004
11099007
11099008
11099009
11099010
11099011
11099012
11099013
11099014
11099015
11099016
11099017
11099019
11099020
11099021
11099024
11099025
11099027
11099028
11099029
11099034
11099035
11099038
11099039
11099050
11099061
11099063
11099069
11099070
11099078
11099079
11099080
11099081
11099082
11099095
11099096
11099098
11099099
11099100
11099102
11099103
11099104
11099106
11099107
11099124
11099125
11100002
11100004
11100005
11100007
11100008
11100009
11100010
11100011
11100014
11100015
11100016
11100017
11100018
11100019
11100020
11100021
11100022
11100024
11100025
11100034
11100035
11100036
11100037
11100044
11100045
11100055
11100056
11100057
11100058
11100061
11100062
11100063
11100064
11100066
11100069
11100070
11100071
11100076
11100077
11100078
11100079
11100081
11100082
11100083
11100084
11100085
11100090
11100091
11100092
11100093
11100094
11100095
11100096
11100097
11100098
11101001
11101007
11101008
11101010
11101011
11101012
11101013
11101014
11101015
11101016
11101017
11101018
11101023
11101024
11101025
11101026
11101027
11101028
11101030
11101042
11101043
11101045
11101046
11101056
11101057
11101058
11101059
11101060
11101061
11101063
11101064
11101065
11101066
11101067
11101104
11101106
11101107
11101108
11101109
11102001
11102002
11102003
11102004
11102005
11102006
11102011
11102012
11102013
11102015
11102017
11102018
11102019
11102020
11102021
11102022
11102023
11102027
11102033
11102034
11102035
11102038
11102039
11102040
11102051
11102052
11102053
11102054
11102055
11102056
11102057
11102058
11102065
11102075
11102085
11102086
11102092
11102093
11102094
11102095
11102096
11102098
11102106
11102107
11102108
11102110
11103001
11103002
11103003
11103007
11103008
11103009
11103010
11103011
11103012
11103013
11103019
11103026
11103027
11103029
11103030
11103031
11103032
11103033
11103034
11103035
11103046
11103047
11103048
11103049
11103050
11103051
11103052
11103053
11103054
11103055
11103056
11103057
11103058
11103062
11103063
11103064
11103065
11103066
11103068
11103069
11103070
11103071
11103072
11103083
11103084
11103085
11103086
11103087
11103088
11103089
11103090
11103091
11103092
11103093
11103099
11103100
11103101
11103102
11103103
11104001
11104002
11104003
11104004
11104005
11104006
11104023
11104024
11104025
11104026
11104027
11104028
11105011
11105012
11105018
11105019
11105020
11105021
11105029
11105033
11105037
11105038
11105040
11105041
11105042
11105043
11105044
11105045
11105050
11105051
11105052
11105053
11105054
11105055
11105056
11105057
11105058
11105059
11105065
11105066
11105067
11105068
11106001
11106002
11106003
11106008
11106009
11106012
11106020
11106021
11106024
11106025
11106026
11106027
11106028
11106029
11106030
11106031
11106032
11106039
11106040
11106041
11106043
11106044
11106045
11106046
11106047
11106048
11106049
11106064
11106066
11106080
11106083
11106084
11106085
11106086
11106087
11106088
11106089
11106094
11106095
11106096
11106097
11106098
11106099
11106100
11106101
11106102
11106103
11106104
11107007
11107008
11107009
11107010
11107011
11107012
11107013
11107014
11107016
11107018
11107019
11107020
11107021
11107026
11107027
11107028
11107029
11107030
11107032
11107034
11107036
11107037
11107038
11107039
11107040
11107042
11107043
11107044
11107045
11107046
11107047
11107049
11107057
11107058
11107059
11107060
11107061
11107062
11107063
11107064
11107065
11107073
11107074
11107075
11107076
11107077
11107078
11107079
11107080
11107081
11107082
11107083
11107092
11107094
11107095
11107096
11107097
11107098
11108001
11108002
11108003
11108004
11108009
11108010
11108011
11108012
11108013
11108014
11108015
11108016
11108019
11108020
11108021
11108032
11108034
11108035
11108036
11108038
11108039
11108040
11108041
11108042
11108048
11108050
11108051
11108052
11108053
11108056
11108058
11108059
11108060
11108061
11108062
11108063
11108065
11108066
11108075
11108076
11108077
11108078
11108079
11108080
11108081
11108082
11108083
11108084
11108085
11108093
11108094
11108095
11108096
11108097
11108098
11108099
11108101
11108102
11109001
11109013
11109014
11109015
11109016
11109017
11109019
11109020
11109021
11109022
11109023
11109024
11109025
11109030
11109031
11109032
11109033
11109034
11109035
11109036
11109037
11109038
11109039
11109041
11109042
11109051
11109056
11109060
11109061
11109062
11109063
11109064
11109065
11109072
11109077
11109078
11109079
11109088
11109090
11109092
11109097
11109098
11109100
11109101
11109102
11109103
11109104
11109105
11109116
11109117
11109127
11109128
11110002
11110003
11110004
11110005
11110009
11110010
11110011
11110012
11110013
11110014
11110015
11110016
11110017
11110018
11110019
11110025
11110026
11110027
11110028
11110029
11110032
11110033
11110034
11110035
11110036
11110041
11110042
11110043
11110064
11110065
11110069
11110070
11110071
11110073
11110074
11110076
11110077
11110079
11110084
11110085
11110086
11110090
11110091
11110094
11110095
11110096
11110097
11110098
11110103
11110104
11110105
11110110
11110113
11110114
11110115
11110116
11110117
11110118
11111001
11111002
11111007
11111008
11111009
11111010
11111011
11111013
11111014
11111015
11111016
11111017
11111025
11111026
11111028
11111029
11111030
11111031
11111032
11111033
11111034
11111035
11111036
11111046
11111047
11111048
11111049
11111050
11111051
11111052
11111054
11111058
11111064
11111067
11111068
11111069
11111072
11111073
11111074
11111075
11111076
11111077
11111082
11111083
11111084
11111085
11111087
11111088
11111089
11111090
11112001
11112002
11112003
11112008
11112009
11112011
11112013
11112014
11112016
11112017
11112018
11112019
11112020
11112021
11112022
11112023
