11080001
11080002
11080003
11080004
11080005
11080006
11080007
11080008
11080011
11080012
11080013
11080014
11080015
11080016
11080017
11080018
11080019
11080020
11080021
11080028
11080029
11080031
11080032
11080034
11080035
11080036
11080038
11080039
11080040
11080041
11080044
11080045
11080048
11080049
11080050
11080051
11080052
11080053
11080054
11080055
11080056
11080057
11080060
11080061
11080062
11080063
11080064
11080069
11080070
11080071
11080072
11080076
11081001
11081002
11081003
11081008
11081023
11081024
11081025
11081026
11081032
11081033
11081034
11081035
11081036
11081037
11081052
11081053
11081054
11081055
11081056
11081057
11081058
11081059
11081061
11081063
11081064
11081065
11081066
11081067
11081068
11081069
11081070
11081072
11081073
11081074
11081075
11081077
11081078
11081079
11081080
11081081
11081082
11081083
11081084
11081085
11082001
11082002
11082006
11082007
11082008
11082009
11082010
11082011
11082012
11082013
11082014
11082015
11082016
11082017
11082018
11082022
11082023
11082024
11082025
11082026
11082027
11082028
11082029
11082030
11082031
11082038
11082039
11082040
11082041
11082042
11082043
11082044
11082045
11082046
11082048
11082051
11082052
11082053
11082054
11082055
11082056
11082057
11082058
11082059
11084009
11084010
11084011
11084012
11084013
11084014
11084015
11084016
11084019
11084020
11084021
11084022
11084023
11084024
11084025
11084035
11084037
11084039
11084044
11084045
11084046
11084047
11084048
11084049
11084050
11084053
11084054
11084055
11084056
11084057
11084058
11084062
11084064
11084068
11084069
11084070
11085004
11085005
11085008
11085009
11085010
11085011
11085012
11085013
11085014
11085015
11085016
11085017
11085018
11085020
11085021
11085022
11085023
11085025
11085028
11085029
11085030
11085031
11085034
11085035
11085036
11085037
11085038
11085039
11085040
11085046
11085047
11085048
11085049
11085050
11085051
11085053
11085054
11085055
11085056
11085057
11085062
11085063
11085065
11085066
11085067
11085069
11085070
11085071
11085072
11085073
11085074
11085075
11085078
11085080
11085083
11086001
11086002
11086003
11086004
11086005
11086006
11086007
11086008
11086011
11086012
11086013
11086014
11086015
11086016
11086018
11086019
11086022
11086023
11086024
11086025
11086026
11086027
11086028
11086029
11086030
11086034
11086042
11086043
11086044
11086052
11086053
11086055
11086056
11086057
11086058
11086059
11086060
11086061
11086062
11086065
11086067
11086068
11086069
11086070
11086071
11086072
11086073
11086074
11086080
11086081
11086082
11086083
11086084
11086085
11087001
11087002
11087003
11087004
11087007
11087012
11087013
11087014
11087015
11087016
11087019
11087020
11087021
11087022
11087023
11087024
11087025
11087026
11087027
11087028
11087029
11087035
11087036
11087037
11087038
11087039
11087040
11087041
11087042
11087044
11087047
11087048
11087049
11087050
11087051
11087052
11087053
11087054
11087057
11087058
11087059
11087065
11087066
11087067
11087068
11087069
11087070
11088001
11088002
11088003
11088004
11088007
11088008
11088009
11088010
11088013
11088014
11088015
11088016
11088017
11088018
11088019
11088022
11088023
11088024
11088025
11088026
11088027
11088028
11088029
11088030
11088031
11088039
11088040
11088041
11088043
11088045
11088046
11088047
11088048
11088049
11088050
11088057
11088058
11088059
11088060
11088061
11088062
11088063
11088064
11088065
11088066
11088069
11088070
11088072
11088073
11088074
11089001
11089002
11089003
11089004
11089005
11089006
11089009
11089010
11089011
11089012
11089013
11089015
11089016
11089017
11089018
11089019
11089020
11089021
11089024
11089025
11089026
11089028
11089029
11089030
11089031
11089032
11089033
11089034
11089035
11089036
11089037
11089038
11089039
11089048
11089054
11089055
11089065
11089066
11089067
11089068
11089069
11089070
11089071
11089072
11089073
11089074
11089075
11089083
11089084
11089085
11089086
11089087
11089088
11089089
11089097
11089098
11090003
11090004
11090005
11090006
11090007
11090008
11090009
11090011
11090012
11090014
11090018
11090019
11090030
11090031
11090032
11090033
11090034
11090035
11090036
11091001
11091002
11091003
11091004
11091005
11091006
11091007
11091010
11091011
11091015
11091017
11091018
11091019
11091020
11091021
11091022
11091023
11091024
11091033
11091034
11091037
11091038
11091042
11091043
11091044
11091045
11091046
11091047
11091048
11091066
11091067
11091068
11091069
11091070
11091071
11091072
11091073
11091074
11091075
11091078
11091079
11091080
11092003
11092004
11092010
11092011
11092012
11092013
11092014
11092015
11092016
11092017
11092024
11092025
11092031
11092032
11092033
11092034
11092055
11092065
11092066
11092067
11092068
11092069
11092070
11092071
11092073
11092075
11092076
11092077
11092086
11092087
11092088
11092089
11092090
11092096
11092099
11092100
11092101
11093001
11093004
11093005
11093006
11093007
11093008
11093009
11093010
11093011
11093012
11093013
11093014
11093015
11093019
11093020
11093021
11093022
11093023
11093024
11093025
11093026
11093027
11093028
11093029
11093030
11093031
11093038
11093039
11093040
11093041
11093042
11093044
11093045
11093046
11093054
11093055
11093056
11093074
11093075
11093077
11093080
11093082
11093083
11093086
11093087
11093088
11093089
11093090
11093091
11094001
11094002
11094003
11094004
11094008
11094009
11094010
11094011
11094012
11094013
11094016
11094017
11094018
11094019
11094020
11094021
11094022
11094023
11094024
11094027
11094028
11094042
11094044
11094045
11094046
11094047
11094048
11094050
11094051
11094052
11094053
11094054
11094055
11094056
11094069
11094074
11094075
11094077
11095001
11095002
11095003
11095004
11095005
11095006
11095009
11095010
11095011
11095012
11095013
11095014
11095015
11095022
11095023
11095024
11095026
11095027
11095028
11095029
11095030
11095040
11095041
11095048
11095049
11095050
11095051
11095061
11095062
11095063
11095064
11095065
11095066
11095067
11095068
11095069
11095070
11095077
11095078
11095082
11095087
11095089
11096005
11096006
11096007
11096008
11096010
11096011
11096012
11096014
11096015
11096016
11096017
11096018
11096023
11096024
11096039
11096043
11096044
11096045
11096056
11096057
11096058
11096059
11096075
11096076
11096077
11096084
11096085
11096089
11096092
11096093
11096094
11096095
11096097
11096098
11096102
11096103
11096104
11096108
11096109
11096110
11097093
11097100
11097101
11097102
11097103
11097104
11097105
11097106
11097112
11098014
11098034
11098035
11098036
11098037
11098038
11098039
11098040
11098041
11098042
11098043
11098044
11098045
11098046
11098050
11098051
11098052
11098053
11098054
11098055
11098056
